3 0.108086 0.862722 0.041047 0.067056
3 0.726562 0.552097 0.042156 0.065083
3 0.681633 0.678319 0.047703 0.076917
3 0.755961 0.885403 0.049922 0.218917
3 0.155789 0.522514 0.125359 0.061139
3 0.036531 0.162583 0.042156 0.063111
3 0.437570 0.683250 0.041047 0.193278
3 0.316648 0.917944 0.043266 0.074944
3 0.416492 0.941611 0.043266 0.071000
3 0.069258 0.707903 0.032172 0.065083
3 0.805328 0.488986 0.031062 0.065083
3 0.806438 0.401222 0.035500 0.067056
3 0.620617 0.673389 0.036609 0.078889
3 0.313875 0.786792 0.035500 0.076917
3 0.666102 0.898222 0.036609 0.071000
